2946
580836
289802
5879
1158241
579963
20586
4035410
2021458
49474
9747674
4873861
123279
24426838
12222267
302000
59972508
30007969
745283
148161242
74144780
1797594
358922044
179657296
4261368
852538164
427087482
9730547
1950553027
977813489
21104748
4230306352
2119596665
43339344
90534586
53270104
78939100
2921158969
3619229364
123501113
3269012582
3803745435
193968998
287213630
2366489442
281805500
801329667
2686794398
380229150
3219377700
3848786828
1032711294
390659412
187301092
1267716906
4258881379
2031320524
1137719340
3732483352
1636205543
