7
591376
322450
7
1150203
598076
814
4012615
1954258
2783
9791251
4880033
8231
24332719
12169016
29954
59142810
30007383
134679
143850366
74305682
567089
340153143
179734588
2014103
773278301
427174881
6300957
1612440311
979468564
12923702
-1554172228
2120499199
20204106
-431539758
58310889
27206951
1579910891
-648765188
77438082
-667888684
-464251599
133336589
-709160167
-1865521595
28649391
-888227225
-1586339561
147411841
913294127
-426752644
128425375
-264313175
563714109
366266932
1717204774
2045612647
-1047381669
2042853439
1138841920
